best params:
{'auto_class_weights': 'None',
 'bagging_temperature': 0.799082572812718,
 'depth': 8,
 'l2_leaf_reg': 0.002550168787185548,
 'leaf_estimation_iterations': 5,
 'learning_rate': 0.09507716076269408,
 'n_estimators': 893}
best value:
0.25198110674676977