best params:
{'gamma': 0.0004435815842461935,
 'learning_rate': 0.05626762520498116,
 'max_bin': 32767,
 'max_depth': 19,
 'min_child_weight': 50,
 'reg_lambda': 0.037447312768379114,
 'subsample': 0.9661501940240053}